01000010
01001101
11000010
00000000
00000000
00000000
00000000
00000000
00000000
00000000
10000010
00000000
00000000
00000000
01101100
00000000
00000000
00000000
00010000
00000000
00000000
00000000
00010000
00000000
00000000
00000000
00000001
00000000
00000001
00000000
00000000
00000000
00000000
00000000
01000000
00000000
00000000
00000000
00010011
00001011
00000000
00000000
00010011
00001011
00000000
00000000
00000010
00000000
00000000
00000000
00000010
00000000
00000000
00000000
01000010
01000111
01010010
01110011
00000000
00000000
00000000
00000000
00000000
00000000
00000000
00000000
00000000
00000000
00000000
00000000
00000000
00000000
00000000
00000000
00000000
00000000
00000000
00000000
00000000
00000000
00000000
00000000
00000000
00000000
00000000
00000000
00000000
00000000
00000000
00000000
00000000
00000000
00000000
00000000
00000000
00000000
00000000
00000000
00000000
00000000
00000000
00000000
00000000
00000000
00000000
00000000
00000010
00000000
00000000
00000000
00000000
00000000
00000000
00000000
00000000
00000000
00000000
00000000
00000000
00000000
00000000
00000000
00000000
00000000
00000000
00000000
11111111
11111111
11111111
00000000
11111111
11111111
00000000
00000000
11001110
01110011
00000000
00000000
11101000
00010111
00000000
00000000
11110000
00001111
00000000
00000000
11100000
00000111
00000000
00000000
11100000
00000111
00000000
00000000
11100000
00000111
00000000
00000000
11100000
10000111
00000000
00000000
11110000
00001111
00000000
00000000
11100000
00000111
00000000
00000000
11001100
00110011
00000000
00000000
11111110
01111111
00000000
00000000
11111100
00111111
00000000
00000000
11111100
00111111
00000000
00000000
11111110
01111111
00000000
00000000
11111111
11111111
00000000
00000000
